Base EXP gain values from defeating each Pokémon species (sorted by dex #):
64
142
236
62
142
240
63
142
239
39
72
178
39
72
178
50
122
216
51
145
52
155
58
157
112
218
60
158
55
128
227
55
128
227
113
217
60
177
95
196
49
159
64
138
221
57
142
61
158
53
149
58
154
64
175
61
159
70
194
60
135
230
62
140
225
61
142
227
60
137
221
67
180
60
137
223
82
175
63
172
65
163
132
62
165
65
166
65
175
61
184
62
142
225
77
66
169
65
166
66
172
65
186
64
149
159
159
77
68
172
69
170
395
87
172
59
154
64
158
68
182
161
100
159
172
173
175
172
40
189
187
101
65
184
184
184
79
71
173
71
173
180
189
261
261
261
60
147
270
306
270