05 05 05 05 05 05 05 05 05 06:29:36:f 06:30:36:f 05 05 05 05 05 05 05 05 05 05 05
05 05 05 05 05 05 05 05 05 05 05 05 05 05 05 05 05 05 05 05 05 05
05 05 05 05 05 05 05 05 05 05 05 05 05 05 05 05 05 05 05 05 05 05
05 05 05 05 05 05 05 05 05 05 05 05 05 05 05 05 05 05 05 05 05 05
05 05 05 05 05 05 05 05 05 05 05 05 05 05 05 05 05 05 05 05 05 05
05 05 05 05 05 05 05 05 05 05 05 05 05 05 05 05 05 05 05 05 05 05
05 05 05 05 05 05 05 05 05 05 05 05 05 05 05 05 05 05 05 05 05 05
05 05 05 05 05 05 05 05 05 05 05 05 05 05 05 05 05 05 05 05 05 05
05 05 05 05 05 05 05 05 05 05 05 05 05 05 05 05 05 05 05 05 05 05
05 05 05 05 05 05 05 05 05 05 05 05 05 05 05 05 05 05 05 05 05 05
05 05 05 05 05 05 05 05 05 05 05 05 05 05 05 05 05 05 05 05 05 05
05 05 05 05 05 05 05 05 05 05 05 05 05 05 05 05 05 05 05 05 05 05
05 05 05 05 05 05 05 05 05 05 05 05 05 05 05 05 05 05 05 05 05 05
05 05 05 05 05 05 05 05 05 05 05 05 05 05 05 05 05 05 05 05 05 05
05 05 05 05 05 05 05 05 05 05 05 05 05 05 05 05 05 05 05 05 05 05
05 05 05 05 05 05 05 05 05 05 05 05 05 05 05 05 05 05 05 05 05 05
05 05 05 05 05 05 05 05 05 05 05 05 05 05 05 05 05 05 05 05 05 05
05 05 05 05 05 05 05 05 05 05 05 05 05 05 05 05 05 05 05 05 05 05
05 05 05 05 05 05 05 05 05 05 05 05 05 05 05 05 05 05 05 05 05 05
05 05 05 05 05 05 05 05 05 05 05 05 05 05 05 05 05 05 05 05 05 05
05 05 05 05 05 05 05 05 05 05 05 05 05 05 05 05 05 05 05 05 05 05
05 05 05 05 05 05 05 05 05 05 05 05 05 05 05 05 05 05 05 05 05 05
05 05 05 05 05 05 05 05 05 05 05 05 05 05 05 05 05 05 05 05 05 05
05 05 05 05 05 05 05 05 05 05 05 05 05 05 05 05 05 05 05 05 05 05
05 05 05 05 05 05 05 05 05 05 05 05 05 05 05 05 05 05 05 05 05 05
05 05 05 05 05 05 05 05 05 05 05 05 05 05 05 05 05 05 05 05 05 05
05 05 05 05 05 05 05 05 05 05 05 05 05 05 05 05 05 05 05 05 05 05
05 05 05 05 05 05 05 05 05 05 05 05 05 05 05 05 05 05 05 05 05 05
05 05 05 05 05 05 05 05 05 05 05 05 05 05 05 05 05 05 05 05 05 05
05 05 05 05 05 05 05 05 05 05 05 05 05 05 05 05 05 05 05 05 05 05
05 05 05 05 05 05 05 05 05 05 05 05 05 05 05 05 05 05 05 05 05 05
05 05 05 05 05 05 05 05 05 05 05 05 05 05 05 05 05 05 05 05 05 05
05 05 05 05 05 05 05 05 05 05 05 05 05 05 05 05 05 05 05 05 05 05
05 05 05 05 05 05 05 05 05 05 05 05 05 05 05 05 05 05 05 05 05 05
05 05 05 05 05 05 05 05 05 05 05 05 05 05 05 05 05 05 05 05 05 05
05 05 05 05 05 05 05 05 05 05 05 05 05 05 05 05 05 05 05 05 05 05
05 05 05 05 05 05 05 05 05 05 05 05 05 05 05 05 05 05 05 05 05 05
05 05 05 05 05 05 05 05 05 02:9:1:f 02:10:1:f 05 05 05 05 05 05 05 05 05 05 05